,n_qubits,n_mems,trials,n_updates,correct_majorities,density accuracy,total accuracy
0,4.0,2.0,500.0,5.0,0.806,0.8175283203125,0.496068359375
1,4.0,2.0,500.0,6.0,0.774,0.79677978515625,0.460041015625
2,4.0,2.0,500.0,7.0,0.746,0.77461669921875,0.435962890625
3,4.0,2.0,500.0,8.0,0.76,0.76864111328125,0.428623046875
4,4.0,4.0,500.0,5.0,0.442,0.708470703125,0.275630859375
5,4.0,4.0,500.0,6.0,0.418,0.67436474609375,0.23891015625
6,4.0,4.0,500.0,7.0,0.402,0.65051513671875,0.21129296875
7,4.0,4.0,500.0,8.0,0.424,0.63616845703125,0.207455078125
8,4.0,6.0,500.0,5.0,0.378,0.66525927734375,0.203494140625
9,4.0,6.0,500.0,6.0,0.322,0.63584375,0.17691015625
10,4.0,6.0,500.0,7.0,0.33,0.6124189453125,0.15798046875
11,4.0,6.0,500.0,8.0,0.366,0.59476611328125,0.148150390625
12,4.0,8.0,500.0,5.0,0.306,0.64544970703125,0.1735
13,4.0,8.0,500.0,6.0,0.3,0.61724169921875,0.1516328125
14,4.0,8.0,500.0,7.0,0.274,0.59530859375,0.132875
15,4.0,8.0,500.0,8.0,0.254,0.57141455078125,0.117654296875
