,n_qubits,n_mems,trials,n_updates,correct_majorities,density accuracy,total accuracy
0,8.0,4.0,500.0,8.0,0.536,0.76991650390625,0.142119140625
1,8.0,4.0,500.0,10.0,0.446,0.72723828125,0.1008515625
2,8.0,4.0,500.0,12.0,0.42,0.69847509765625,0.08371875
3,8.0,6.0,500.0,8.0,0.376,0.732542236328125,0.090763671875
4,8.0,6.0,500.0,10.0,0.342,0.69789794921875,0.06764453125
5,8.0,6.0,500.0,12.0,0.254,0.661542236328125,0.04959765625
6,8.0,8.0,500.0,8.0,0.308,0.71528955078125,0.06983984375
7,8.0,8.0,500.0,10.0,0.244,0.675755859375,0.04877734375
8,8.0,8.0,500.0,12.0,0.156,0.646734619140625,0.036974609375
9,8.0,12.0,500.0,8.0,0.156,0.69936962890625,0.05326953125
10,8.0,12.0,500.0,10.0,0.15,0.661453857421875,0.036748046875
11,8.0,12.0,500.0,12.0,0.142,0.628971435546875,0.02746875
12,8.0,14.0,500.0,8.0,0.2,0.700896240234375,0.05306640625
13,8.0,14.0,500.0,10.0,0.158,0.655067138671875,0.03412890625
14,8.0,14.0,500.0,12.0,0.106,0.626922119140625,0.02548828125
15,8.0,16.0,500.0,8.0,0.17,0.69703076171875,0.05041796875
16,8.0,16.0,500.0,10.0,0.112,0.6558134765625,0.032837890625
17,8.0,16.0,500.0,12.0,0.088,0.617988037109375,0.02248046875
