,n_qubits,n_mems,trials,n_updates,correct_majorities,density accuracy,total accuracy
0,12.0,4.0,500.0,12.0,0.614,0.7691160481770822,0.054056640625
1,12.0,4.0,500.0,18.0,0.432,0.7010914713541663,0.026146484375
2,12.0,4.0,500.0,22.0,0.4,0.6662840169270835,0.018078125
3,12.0,12.0,500.0,12.0,0.172,0.7067674153645833,0.01476171875
4,12.0,12.0,500.0,18.0,0.07,0.6349627278645831,0.00501171875
5,12.0,12.0,500.0,22.0,0.046,0.5960541992187504,0.00283984375
6,12.0,18.0,500.0,12.0,0.092,0.6954480794270833,0.01084375
7,12.0,18.0,500.0,18.0,0.032,0.6206879882812494,0.003462890625
8,12.0,18.0,500.0,22.0,0.024,0.5942993164062506,0.00214453125
9,12.0,24.0,500.0,12.0,0.088,0.6928413085937513,0.009814453125
10,12.0,24.0,500.0,18.0,0.032,0.6174830729166669,0.002978515625
11,12.0,24.0,500.0,22.0,0.01,0.5809527994791668,0.0017421875
12,12.0,28.0,500.0,12.0,0.036,0.6889703776041669,0.00842578125
13,12.0,28.0,500.0,18.0,0.02,0.6160198567708332,0.00287109375
14,12.0,28.0,500.0,22.0,0.008,0.5843452148437505,0.00175
15,12.0,32.0,500.0,12.0,0.062,0.6842651367187507,0.008099609375
16,12.0,32.0,500.0,18.0,0.01,0.612769368489584,0.002716796875
17,12.0,32.0,500.0,22.0,0.01,0.5835483398437493,0.001689453125
