,n_qubits,n_mems,trials,n_updates,correct_majorities,density accuracy,total accuracy
0,10.0,4.0,500.0,10.0,0.6,0.7704873046875004,0.089927734375
1,10.0,4.0,500.0,14.0,0.478,0.7139398437499999,0.05387109375
2,10.0,4.0,500.0,16.0,0.382,0.6860910156250001,0.04124609375
3,10.0,8.0,500.0,10.0,0.282,0.7188302734375003,0.0378125
4,10.0,8.0,500.0,14.0,0.19,0.6602197265625003,0.020134765625
5,10.0,8.0,500.0,16.0,0.148,0.6380572265625006,0.01548828125
6,10.0,12.0,500.0,10.0,0.198,0.7043691406249998,0.02848046875
7,10.0,12.0,500.0,14.0,0.114,0.6449812499999997,0.0138125
8,10.0,12.0,500.0,16.0,0.098,0.6193228515625001,0.009841796875
9,10.0,14.0,500.0,10.0,0.164,0.7023349609374998,0.02691796875
10,10.0,14.0,500.0,14.0,0.066,0.6391507812500006,0.01199609375
11,10.0,14.0,500.0,16.0,0.074,0.616071484375,0.008908203125
12,10.0,16.0,500.0,10.0,0.146,0.6973134765625,0.0240078125
13,10.0,16.0,500.0,14.0,0.084,0.6371019531250001,0.011578125
14,10.0,16.0,500.0,16.0,0.056,0.6128712890624995,0.008333984375
