,n_qubits,n_mems,trials,n_updates,correct_majorities,density accuracy,total accuracy
0,5.0,3.0,500.0,5.0,0.632,0.7942070312499998,0.35073046875
1,5.0,3.0,500.0,6.0,0.558,0.7615468749999998,0.29423046875
2,5.0,3.0,500.0,7.0,0.504,0.7345421875000004,0.25969140625
3,5.0,3.0,500.0,8.0,0.472,0.7127058593749999,0.235578125
4,5.0,3.0,500.0,10.0,0.422,0.6727582031249999,0.1979375
5,5.0,4.0,500.0,5.0,0.522,0.7558351562499996,0.262044921875
6,5.0,4.0,500.0,6.0,0.518,0.7305503906250002,0.2340234375
7,5.0,4.0,500.0,7.0,0.476,0.7101425781250007,0.216548828125
8,5.0,4.0,500.0,8.0,0.422,0.6789566406250002,0.17865234375
9,5.0,4.0,500.0,10.0,0.368,0.6382046874999993,0.148912109375
10,5.0,5.0,500.0,5.0,0.454,0.7363835937499997,0.22423828125
11,5.0,5.0,500.0,6.0,0.394,0.7008511718749987,0.189611328125
12,5.0,5.0,500.0,7.0,0.368,0.6760687499999997,0.16358984375
13,5.0,5.0,500.0,8.0,0.34,0.657051953125,0.1487890625
14,5.0,5.0,500.0,10.0,0.29,0.6189527343749998,0.118392578125
15,5.0,6.0,500.0,5.0,0.438,0.7270250000000004,0.208447265625
16,5.0,6.0,500.0,6.0,0.346,0.6848312499999989,0.161888671875
17,5.0,6.0,500.0,7.0,0.306,0.6644707031249999,0.141978515625
18,5.0,6.0,500.0,8.0,0.296,0.641287109375,0.1286015625
19,5.0,6.0,500.0,10.0,0.292,0.6042152343750002,0.102501953125
20,5.0,8.0,500.0,5.0,0.32,0.7047515624999999,0.168560546875
21,5.0,8.0,500.0,6.0,0.288,0.667364453125,0.135783203125
22,5.0,8.0,500.0,7.0,0.254,0.6448371093750003,0.1195390625
23,5.0,8.0,500.0,8.0,0.29,0.6284003906249997,0.109451171875
24,5.0,8.0,500.0,10.0,0.184,0.5834878906250003,0.081349609375
25,5.0,10.0,500.0,5.0,0.294,0.6977355468750008,0.156525390625
26,5.0,10.0,500.0,6.0,0.234,0.6638453125000003,0.12751171875
27,5.0,10.0,500.0,7.0,0.22,0.63241328125,0.102865234375
28,5.0,10.0,500.0,8.0,0.232,0.6076503906250005,0.0923359375
29,5.0,10.0,500.0,10.0,0.19,0.5786425781249996,0.072955078125
